Summary of Natural Population Analysis:                  
                                                          
                                       Natural Population 
                Natural  -----------------------------------------------
    Atom  No    Charge         Core      Valence    Rydberg      Total
 -----------------------------------------------------------------------
      C    1   -0.38154      1.99928     4.36621    0.01605     6.38154
      C    2   -0.37391      1.99921     4.35680    0.01790     6.37391
      C    3   -0.07723      1.99916     4.05485    0.02322     6.07723
      C    4   -0.20716      1.99907     4.17783    0.03026     6.20716
      C    5   -0.06155      1.99910     4.03495    0.02750     6.06155
      C    6   -0.36977      1.99923     4.35226    0.01829     6.36977
      C    7   -0.57884      1.99928     4.56611    0.01345     6.57884
      C    8   -0.20299      1.99908     4.17225    0.03166     6.20299
      C    9   -0.38431      1.99923     4.36846    0.01662     6.38431
      C   10   -0.36627      1.99925     4.35010    0.01691     6.36627
      C   11   -0.21872      1.99918     4.20206    0.01748     6.21872
      C   12   -0.56774      1.99934     4.55611    0.01229     6.56774
      C   13   -0.20168      1.99912     4.17737    0.02519     6.20168
      C   14   -0.05584      1.99910     4.02849    0.02825     6.05584
      C   15   -0.37236      1.99921     4.35440    0.01876     6.37236
      C   16   -0.38100      1.99924     4.36468    0.01708     6.38100
      C   17   -0.58268      1.99928     4.56972    0.01369     6.58268
      C   18   -0.39555      1.99924     4.37904    0.01727     6.39555
      C   19   -0.36808      1.99926     4.35297    0.01586     6.36808
      C   20   -0.22540      1.99927     4.21017    0.01596     6.22540
      C   21   -0.57191      1.99934     4.56084    0.01173     6.57191
      C   22   -0.57184      1.99934     4.56050    0.01200     6.57184
      C   23   -0.56601      1.99929     4.55279    0.01393     6.56601
      C   24   -0.57288      1.99929     4.56011    0.01349     6.57288
      H   25    0.18803      0.00000     0.81036    0.00162     0.81197
      H   26    0.20194      0.00000     0.79609    0.00198     0.79806
      H   27    0.20107      0.00000     0.79740    0.00153     0.79893
      H   28    0.19237      0.00000     0.80617    0.00147     0.80763
      H   29    0.19614      0.00000     0.80197    0.00189     0.80386
      H   30    0.19834      0.00000     0.80021    0.00145     0.80166
      H   31    0.19529      0.00000     0.80324    0.00147     0.80471
      H   32    0.19670      0.00000     0.80178    0.00152     0.80330
      H   33    0.19890      0.00000     0.79963    0.00147     0.80110
      H   34    0.20258      0.00000     0.79599    0.00143     0.79742
      H   35    0.19560      0.00000     0.80255    0.00185     0.80440
      H   36    0.19174      0.00000     0.80648    0.00178     0.80826
      H   37    0.20559      0.00000     0.79271    0.00170     0.79441
      H   38    0.18663      0.00000     0.81154    0.00183     0.81337
      H   39    0.19829      0.00000     0.79999    0.00172     0.80171
      H   40    0.18924      0.00000     0.80845    0.00231     0.81076
      H   41    0.19259      0.00000     0.80580    0.00162     0.80741
      H   42    0.19979      0.00000     0.79881    0.00140     0.80021
      H   43    0.20011      0.00000     0.79861    0.00128     0.79989
      H   44    0.19331      0.00000     0.80479    0.00190     0.80669
      H   45    0.19360      0.00000     0.80477    0.00162     0.80640
      H   46    0.20106      0.00000     0.79730    0.00164     0.79894
      H   47    0.19412      0.00000     0.80410    0.00177     0.80588
      H   48    0.20220      0.00000     0.79592    0.00189     0.79780
      H   49    0.20229      0.00000     0.79632    0.00139     0.79771
      H   50    0.19876      0.00000     0.79973    0.00151     0.80124
      H   51    0.20017      0.00000     0.79826    0.00157     0.79983
      H   52    0.19511      0.00000     0.80309    0.00179     0.80489
      H   53    0.19908      0.00000     0.79907    0.00185     0.80092
      H   54    0.19532      0.00000     0.80315    0.00154     0.80468
      H   55    0.19232      0.00000     0.80618    0.00150     0.80768
      H   56    0.18512      0.00000     0.81181    0.00308     0.81488
      H   57    0.19233      0.00000     0.80624    0.00143     0.80767
      H   58    0.19886      0.00000     0.80001    0.00113     0.80114
      H   59    0.19777      0.00000     0.80108    0.00115     0.80223
      H   60    0.19742      0.00000     0.80136    0.00122     0.80258
      H   61    0.19233      0.00000     0.80621    0.00147     0.80767
      H   62    0.19875      0.00000     0.80012    0.00113     0.80125
      H   63    0.19680      0.00000     0.80180    0.00140     0.80320
      H   64    0.19714      0.00000     0.80134    0.00152     0.80286
      H   65    0.19877      0.00000     0.79987    0.00137     0.80123
      H   66    0.19988      0.00000     0.79881    0.00131     0.80012
      H   67    0.20008      0.00000     0.79862    0.00130     0.79992
      H   68    0.20176      0.00000     0.79700    0.00124     0.79824
 =======================================================================
   * Total *    0.00000     47.98139   139.50376    0.51485   188.00000

                                 Natural Population      
 --------------------------------------------------------
   Core                      47.98139 ( 99.9612% of  48)
   Valence                  139.50376 ( 99.6455% of 140)
   Natural Minimal Basis    187.48515 ( 99.7261% of 188)
   Natural Rydberg Basis      0.51485 (  0.2739% of 188)
 --------------------------------------------------------